from_stop_id,to_stop_id,transfer_type,min_transfer_time
5727648,2390,2,297
2364,4045006,2,671
2475,4473031,2,270
2364,4045007,2,225
4739164,2117,2,196
5018410,2404,2,248
2030,5018182,2,257
2187,1997,2,155
2030,5018183,2,203
2364,4045008,2,629
2364,4045009,2,672
2030,5018181,2,279
2186,4651125,2,270
3807591,1665,2,264
3765233,2497,2,222
2339,4037174,2,193
2339,4037173,2,210
4037252,1825,2,629
2339,4037172,2,226
3764747,1825,2,658
2339,4037171,2,266
1665,4037008,2,270
1826,1825,2,396
2404,3765258,2,221
4009616,2364,2,226
2339,3926286,2,253
2404,3765306,2,221
2339,3926289,2,193
2073,4008854,2,240
6217406,2149,2,191
4767046,2404,2,221
2339,3926287,2,226
2339,3926288,2,210
4473147,1825,2,671
5454936,2404,2,216
1825,4473027,2,235
2241,1657,2,133
2364,3764994,2,610
1645,2409,2,90
1794,3765258,2,221
1825,4473028,2,254
4726762,2364,2,671
1825,4473029,2,229
2364,3764995,2,625
2364,3764996,2,287
3764756,2364,2,243
3813115,2364,2,658
2364,5289149,2,225
2409,5138190,2,261
2409,5138191,2,188
2391,3926247,2,288
2094,3747849,2,205
2094,3747848,2,218
3343796,2094,2,180
2537,5121368,2,269
5018355,2404,2,248
2073,4008887,2,186
1782,2391,2,79
5018356,2404,2,214
1657,5289113,2,269
5688938,2399,2,255
2364,3687473,2,671
2186,4378088,2,205
2497,4008856,2,252
2497,4008855,2,242
4471838,1836,2,195
2186,4378089,2,223
5121383,2364,2,265
2149,2148,2,89
3764786,2364,2,287
2149,2147,2,20
1781,5121375,2,208
2186,5138048,2,197
2186,5138047,2,279
2363,2364,2,381
5018411,2404,2,214
3343796,2081,2,180
3764486,1997,2,207
2364,5289150,2,648
1825,3887812,2,658
2094,3747851,2,207
4037297,1825,2,671
2391,3887810,2,218
2094,3747850,2,227
4739165,2117,2,208
3754200,1997,2,211
1834,2371,2,90
2364,5289151,2,672
1781,4473030,2,208
4146147,2339,2,266
3764528,1794,2,199
2068,1956,2,900
1834,3926289,2,193
3813039,2364,2,629
3765236,1687,2,225
1834,3926288,2,210
4471839,2404,2,230
2364,1827,2,126
5454880,1794,2,199
2149,4008223,2,208
2149,4008222,2,191
1997,4472985,2,270
1834,3926287,2,226
4009618,1825,2,648
1834,3926286,2,253
1997,4472986,2,261
1794,3765306,2,221
5454923,2404,2,243
1962,3764830,2,284
2068,1166830,2,180
4439518,1794,2,243
3716964,2117,2,196
2068,1166831,2,180
2497,3740323,2,251
1825,5122006,2,241
2497,3740322,2,252
1825,5122007,2,254
4022898,2030,2,241
2497,3740321,2,267
1825,5122008,2,233
3749891,2537,2,267
3812959,1781,2,208
4739164,2068,2,196
1962,3764829,2,285
4472549,2030,2,208
4009620,1825,2,700
1836,3893375,2,195
4009619,1825,2,672
3343756,2537,2,180
2073,3740320,2,240
3749893,2537,2,187
5675639,2117,2,196
1997,4472998,2,210
4472549,2149,2,208
2525,2409,2,90
3764747,2364,2,658
1997,3764671,2,210
4471735,2404,2,243
2073,3740324,2,186
1665,5289112,2,256
3716965,2117,2,208
3807618,2391,2,208
4726728,1665,2,256
5675640,2068,2,208
1687,2517,2,96
3716924,2117,2,196
3764784,2364,2,658
3764711,1825,2,643
2364,5289108,2,671
2364,5289109,2,254
1997,3764670,2,261
2339,4037244,2,199
4022898,2149,2,241
2391,5121375,2,208
2364,5289107,2,700
3764437,1997,2,205
2186,5138192,2,279
2186,5138193,2,270
1665,4473031,2,270
2186,5138194,2,197
2186,5138195,2,223
3813002,2073,2,226
1781,3926247,2,288
4473149,1825,2,225
4473143,2186,2,261
4473147,2364,2,671
1836,3893374,2,216
5675645,2117,2,216
3764786,1825,2,287
5018356,1794,2,214
3764708,2364,2,243
4471838,2303,2,195
5688933,2339,2,268
4726763,2364,2,254
2497,2517,2,81
5121383,1825,2,265
3764439,1997,2,261
5688938,1789,2,255
2475,5121376,2,256
1781,4037007,2,208
2094,4036210,2,189
3764527,1794,2,243
3740533,1687,2,188
3764710,2364,2,645
1794,4036787,2,221
1794,4036786,2,243
2339,3748084,2,266
2149,4008385,2,191
2339,3748086,2,190
2339,3748085,2,226
2251,3811260,2,292
1794,3926337,2,216
3764437,2186,2,205
6217405,2149,2,208
3764784,1825,2,658
5688933,1834,2,268
4037296,2364,2,700
2081,4036201,2,233
2094,4036201,2,233
1996,1997,2,105
2149,4008285,2,191
2149,4008284,2,191
5018357,2404,2,214
1781,3887810,2,218
4471839,1794,2,230
3343755,1657,2,180
1648,1794,2,112
4037298,1825,2,207
5454881,1794,2,216
3765235,2497,2,208
6217405,2030,2,208
2339,2531,2,200
1825,5289109,2,254
1825,5289107,2,700
1825,5289108,2,671
2117,3813090,2,196
3747943,2094,2,233
3813001,2122,2,237
2117,1166830,2,180
2117,1166831,2,180
1781,5151513,2,208
3764486,2186,2,207
3740532,2497,2,222
2524,5582590,2,235
1996,2186,2,84
3764758,1825,2,643
2364,3926188,2,629
2364,3926189,2,672
4473143,1997,2,261
2068,3813090,2,196
2122,3740320,2,240
2122,3740324,2,186
2068,3813088,2,208
3807591,2475,2,264
2543,4035982,2,237
2068,3813087,2,216
4036882,2409,2,187
1834,1835,2,200
2068,3813089,2,216
2364,3926190,2,700
5688936,2339,2,199
2524,5582589,2,223
2122,4008887,2,186
2543,4035983,2,288
2364,4472995,2,648
4473149,2364,2,225
2117,3813089,2,216
2364,4472994,2,252
2117,3813088,2,208
3749941,2537,2,223
4036885,1997,2,197
2364,4472993,2,252
3813038,1825,2,658
2364,4472992,2,671
1997,4651125,2,270
1834,1833,2,90
1645,1763,2,90
1834,1832,2,90
2497,1637,2,96
2117,3813087,2,216
3343755,2537,2,180
1657,5121368,2,269
1825,5121374,2,222
6217400,2497,2,242
1825,5121373,2,254
1825,5121372,2,226
3716965,2068,2,208
2030,2028,2,86
3764756,1825,2,243
3747943,2081,2,233
2030,2029,2,73
4146147,1834,2,266
4037252,2364,2,629
2404,3926308,2,243
2364,3442433,2,625
5675640,2117,2,208
2404,3926309,2,199
2364,3442434,2,645
2364,3442432,2,610
3813139,2030,2,224
2364,3442436,2,243
4726703,1665,2,264
2364,3442435,2,287
5454924,2404,2,199
2149,2028,2,68
2149,2029,2,81
3764709,2364,2,287
3764708,1825,2,243
2122,4008854,2,240
4767046,1794,2,221
3749894,2537,2,198
1824,1825,2,368
1825,3687473,2,671
2186,3764628,2,270
4726727,2391,2,208
2186,3764627,2,261
2186,3764629,2,210
4009667,1825,2,671
4439519,2404,2,221
4037768,2149,2,241
1916,2537,2,143
1834,2302,2,180
4036884,1997,2,270
3754199,2186,2,211
2409,5138046,2,261
2392,1781,2,121
1834,2531,2,200
5454880,2404,2,199
2081,4036210,2,189
2149,3749982,2,207
2082,4035983,2,288
3764710,1825,2,645
2149,3749983,2,207
2082,4035982,2,237
6217399,1687,2,252
3754200,2186,2,211
1825,1827,2,126
2030,2148,2,59
4037251,2364,2,252
1825,5289150,2,648
4471736,1836,2,216
2068,2211,2,900
1825,5289151,2,672
4472543,2497,2,252
5018357,1794,2,214
2404,3926337,2,216
2030,2147,2,74
5688936,1834,2,199
3812959,2391,2,208
2186,4378105,2,223
1665,5151514,2,270
1825,5289149,2,225
2149,3740325,2,203
5688935,1834,2,188
2403,2404,2,90
2475,5289112,2,256
4009616,1825,2,226
2081,3747849,2,205
2081,3747848,2,218
4471736,2303,2,216
1834,2338,2,90
1998,2186,2,130
2185,1997,2,101
4037768,2030,2,241
3672169,2339,2,226
1793,1794,2,90
3740532,1687,2,222
3813112,1825,2,225
3813001,2073,2,237
2149,3740315,2,201
5121382,2364,2,235
1665,5121376,2,256
1794,3926309,2,199
1794,3926308,2,243
4726728,2475,2,256
5727647,2390,2,273
3343795,2081,2,180
2404,3893448,2,203
3749891,1657,2,267
2404,3893447,2,216
1825,2366,2,101
2404,3893446,2,214
2404,3893445,2,248
2364,5151512,2,229
2364,5151511,2,254
3764785,1825,2,625
2364,5151510,2,235
2528,1794,2,98
5688934,1834,2,267
3812976,2364,2,628
3812975,1825,2,610
4472550,2149,2,191
5727647,1780,2,273
2149,4008849,2,208
2364,3926246,2,671
2149,4008848,2,191
3813116,2364,2,628
4036882,1763,2,187
4726747,2149,2,224
2149,2545,2,256
2187,2186,2,129
5688959,2339,2,226
4473148,1825,2,225
4726727,1781,2,208
1825,4045009,2,672
1926,3811260,2,292
5454924,1794,2,199
1825,4045007,2,225
2030,3749982,2,207
1825,4045008,2,629
5018355,1794,2,248
1825,4045006,2,671
2030,3749983,2,207
4726747,2030,2,224
3813112,2364,2,225
4726763,1825,2,254
1834,1651,2,200
4472550,2030,2,191
2364,4037037,2,648
3764711,2364,2,643
4473142,2186,2,270
3813116,1825,2,628
4037298,2364,2,207
2364,5122006,2,241
1665,3887783,2,270
2364,5122008,2,233
2364,5122007,2,254
3813139,2149,2,224
1916,1657,2,143
2081,3747851,2,207
2081,3747850,2,227
1825,3687414,2,672
1825,3687413,2,648
1825,3687412,2,252
1825,3687411,2,252
3813137,2149,2,284
1825,3687415,2,700
5018435,2404,2,230
3343795,2094,2,180
4439519,1794,2,221
2303,3893374,2,216
4473150,2364,2,629
2303,3893375,2,195
2082,3813091,2,288
3765234,2497,2,188
2082,3813092,2,237
3807618,1781,2,208
1997,5138192,2,279
5682055,1997,2,261
4726702,2391,2,208
1997,5138195,2,223
2241,2537,2,133
6217399,2497,2,252
4473142,1997,2,270
1997,5138193,2,270
3807590,2475,2,270
1997,5138194,2,197
2391,4037007,2,208
2117,1956,2,900
2117,4035986,2,208
2117,4035987,2,216
2117,4035984,2,196
3764757,2364,2,645
2391,5151513,2,208
2392,2391,2,111
2117,4035985,2,216
2339,1833,2,90
2365,1825,2,293
3813038,2364,2,658
1997,5138048,2,197
1997,5138047,2,279
2339,1835,2,180
2094,3765294,2,207
3765235,1687,2,208
4009617,2364,2,226
3740533,2497,2,188
1793,2404,2,90
1644,5582589,2,223
5121382,1825,2,235
3764709,1825,2,287
2339,1832,2,90
1834,4037174,2,193
3807590,1665,2,270
1834,4037172,2,226
2030,4037216,2,259
1834,4037173,2,210
1825,3926246,2,671
1834,4037171,2,266
2030,4037215,2,241
1997,4770171,2,261
1997,4770170,2,270
3716925,2117,2,208
3764748,2364,2,625
2364,3887780,2,643
2186,4472986,2,261
1825,3764967,2,629
4036884,2186,2,270
2186,4472985,2,270
2030,2084,2,223
1825,3764966,2,235
1825,5151512,2,229
2185,2186,2,80
1825,5151511,2,254
3765234,1687,2,188
1825,5151510,2,235
4472544,2497,2,242
4726703,2475,2,264
3813138,2149,2,205
3813113,1825,2,225
2404,4036786,2,243
2404,4036787,2,221
5688958,2339,2,266
4009667,2364,2,671
1687,1637,2,110
2186,4472998,2,210
4009617,1825,2,226
3813039,1825,2,629
5688934,2339,2,267
4037251,1825,2,252
1825,3764995,2,625
2364,3887778,2,700
1825,3764994,2,610
1825,3764996,2,287
2364,3887779,2,672
1824,2364,2,368
2149,4035037,2,191
2149,4035036,2,208
3813137,2030,2,284
3813138,2030,2,205
3764758,2364,2,643
2475,5151514,2,270
2094,3765270,2,227
2365,2364,2,307
4037296,1825,2,700
3764438,1997,2,231
4472543,1687,2,252
2339,3748067,2,199
4471735,1794,2,243
3812934,2475,2,270
2339,3748066,2,188
3749893,1657,2,187
2475,3887783,2,270
4439518,2404,2,243
2364,3926186,2,241
2364,3926187,2,254
6217400,1687,2,242
2030,4008222,2,191
3672169,1834,2,226
2475,4037008,2,270
4726761,2364,2,658
1644,5582590,2,235
2525,1763,2,90
2030,4008223,2,208
3749941,1657,2,223
2537,5289113,2,269
4036883,1997,2,279
2217,3764829,2,285
3716925,2068,2,208
1825,4037002,2,671
6217406,2030,2,191
1825,4037003,2,254
1825,4037004,2,225
3765233,1687,2,222
3812975,2364,2,610
2186,4770192,2,210
5454881,2404,2,216
3813002,2122,2,226
3749894,1657,2,198
3764438,2186,2,231
3749892,2135,2,263
4726702,1781,2,208
4767045,1794,2,243
4473148,2364,2,225
2391,4473030,2,208
1825,3926186,2,241
2364,3687413,2,648
2364,3687412,2,252
2030,4008385,2,191
1794,3893448,2,203
2364,3687415,2,700
2364,3687414,2,672
2030,4008284,2,191
1825,3926189,2,672
2543,3813091,2,288
5727648,1780,2,297
1825,3926188,2,629
2364,3687411,2,252
1825,3926187,2,254
2364,2366,2,113
2543,3813092,2,237
2217,3764830,2,284
2030,4008285,2,191
2081,3765294,2,207
5682055,2186,2,261
5454936,1794,2,216
4022899,2030,2,259
3672236,2339,2,226
1648,2404,2,116
1794,3893445,2,248
2339,2302,2,180
3747942,2094,2,189
1794,3893446,2,214
5018411,1794,2,214
1794,3893447,2,216
3716896,2068,2,216
5675639,2068,2,196
2068,4035984,2,196
1997,4378089,2,223
5121381,2364,2,235
1997,4378088,2,205
5682054,1997,2,270
3764540,2404,2,216
3764540,1794,2,216
3716964,2068,2,196
3749892,2016,2,263
2068,4035985,2,216
2068,4035986,2,208
2186,4770170,2,270
2068,4035987,2,216
2186,4770171,2,261
1825,3926190,2,700
3813115,1825,2,658
3812976,1825,2,628
5688959,1834,2,226
4036883,2186,2,279
2339,2338,2,90
3764528,2404,2,199
2339,1651,2,200
1997,3764627,2,261
1834,3748066,2,188
5688935,2339,2,188
1834,3748067,2,199
3747942,2081,2,189
1997,3764629,2,210
1997,3764628,2,270
1997,4378105,2,223
4022899,2149,2,259
2364,4473029,2,229
2081,3765270,2,227
2149,5018183,2,203
1825,4037037,2,648
2364,4473027,2,235
2364,4473028,2,254
2149,5018181,2,279
1834,4037244,2,199
2149,5018182,2,257
4146116,1834,2,266
4472544,1687,2,242
5454923,1794,2,243
3812935,2475,2,256
1997,4770192,2,210
2339,5657318,2,266
2339,5657319,2,199
3343756,1657,2,180
3764527,2404,2,243
1998,1997,2,156
1782,1781,2,97
1826,2364,2,396
2117,2211,2,900
2403,1794,2,90
1781,5289111,2,208
1825,3887780,2,643
1825,4472992,2,671
2391,5289111,2,208
1825,4472993,2,252
1825,4472994,2,252
1825,4472995,2,648
3765236,2497,2,225
2030,3740315,2,201
4036885,2186,2,197
3764439,2186,2,261
2364,3887812,2,658
3716924,2068,2,196
3812934,1665,2,270
3764785,2364,2,625
1825,3887778,2,700
1825,3887779,2,672
1687,4008855,2,242
1834,3748086,2,190
1687,4008856,2,252
2149,4037216,2,259
3812935,1665,2,256
1834,3748085,2,226
3813156,2364,2,671
2149,4037215,2,241
3813114,1825,2,636
1834,3748084,2,266
4726761,1825,2,658
3754199,1997,2,211
4036881,2409,2,247
2030,3740325,2,203
3813114,2364,2,636
4009620,2364,2,700
5018435,1794,2,230
5121381,1825,2,235
4146116,2339,2,266
2364,4037002,2,671
4767045,2404,2,243
2364,4037001,2,672
2364,4037000,2,700
4739165,2068,2,208
2364,5121373,2,254
4037767,2149,2,259
2364,5121372,2,226
2030,2545,2,277
2404,3893371,2,203
2364,4037004,2,225
2364,4037003,2,254
2364,5121374,2,222
1763,5138046,2,261
4009619,2364,2,672
3764757,1825,2,645
2030,4008849,2,208
2404,3893370,2,216
2030,4008848,2,191
1825,3442433,2,625
4009618,2364,2,648
1825,3442432,2,610
1825,3442436,2,243
5682054,2186,2,270
1825,3442435,2,287
1763,5138191,2,188
1825,3442434,2,645
1763,5138190,2,261
2186,3764670,2,261
2404,3893369,2,248
2186,3764671,2,210
2030,4035036,2,208
1794,3893371,2,203
2030,4035037,2,191
1794,3893370,2,216
4037297,2364,2,671
5018410,1794,2,248
3764748,1825,2,625
4473150,1825,2,629
3672236,1834,2,226
2149,2084,2,218
2363,1825,2,367
1687,3740323,2,251
3813113,2364,2,225
2528,2404,2,102
4036881,1763,2,247
2339,2371,2,90
1687,3740322,2,252
1687,3740321,2,267
4037767,2030,2,259
5675645,2068,2,216
1834,5657319,2,199
3813156,1825,2,671
1825,4037000,2,700
4726762,1825,2,671
1825,4037001,2,672
3716896,2117,2,216
2364,3764966,2,235
5688958,1834,2,266
1834,5657318,2,266
2364,3764967,2,629
1794,3893369,2,248
